:GridWeights                     
   #                                
   # [# HRUs]                       
   :NumberHRUs       1            
   :NumberGridCells  22477            
   #                                
   # [HRU ID] [Cell #] [w_kl]       
   291   16939   0.017819253453596733
   291   16940   0.029968041928476342
   291   17108   0.059203745575497374
   291   17109   0.14705341541422762
   291   17110   0.06646824403651538
   291   17111   0.03199850928929787
   291   17277   0.06884542702860025
   291   17278   0.1563469863992955
   291   17279   0.11398802419253734
   291   17280   0.0061266612340895
   291   17446   0.028049483908241978
   291   17447   0.14471748997192163
   291   17448   0.09530484944671008
   291   17616   0.028368444121860417
   291   17617   0.005741423999131986
:EndGridWeights 
