:GridWeights                     
   #                                
   # [# HRUs]                       
   :NumberHRUs       1            
   :NumberGridCells  22477            
   #                                
   # [HRU ID] [Cell #] [w_kl]       
   7   16083   2.4410131893241156e-05
   7   16085   0.002001021860593906
   7   16086   0.003274907703756668
   7   16087   0.0005776191195455379
   7   16252   0.0032506184533956832
   7   16253   0.011660660852230612
   7   16254   0.013975710597720289
   7   16255   0.015033034764103347
   7   16256   0.012693422484419202
   7   16257   0.00011775966039099403
   7   16420   6.127115310486298e-05
   7   16421   0.004357333622318114
   7   16422   0.015054604944304486
   7   16423   0.015052762455437966
   7   16424   0.015055487953552464
   7   16425   0.015058784332339549
   7   16426   0.0074293401141567765
   7   16427   0.0029631254354687752
   7   16428   0.0012193256308116274
   7   16589   0.006485449155429782
   7   16590   0.014582892703624124
   7   16591   0.015060057070206455
   7   16592   0.015059737888724205
   7   16593   0.015061069090062511
   7   16594   0.015060091449131223
   7   16595   0.01505890187223229
   7   16596   0.015062904718204654
   7   16597   0.01485942648916426
   7   16598   0.002105341968785766
   7   16756   0.003099321606322297
   7   16757   0.007414884904994135
   7   16758   0.01269636326770224
   7   16759   0.015069258153310594
   7   16760   0.015063965202595571
   7   16761   0.015069130676875845
   7   16762   0.01506588500253188
   7   16763   0.015063058431073266
   7   16764   0.015066722108361446
   7   16765   0.015071268226662124
   7   16766   0.015066397463367682
   7   16767   0.008283550394945265
   7   16768   0.00031610272806580005
   7   16926   0.0010586657495087856
   7   16927   0.0052104907789368195
   7   16928   0.0068151834483821516
   7   16929   0.010478027688711812
   7   16930   0.01449756182007632
   7   16931   0.006609896912555948
   7   16932   0.013969823466023545
   7   16933   0.015071389478793884
   7   16934   0.015070698081890212
   7   16935   0.015069637080603831
   7   16936   0.015066242991744964
   7   16937   0.005848040214631659
   7   16938   0.0007961661821367142
   7   17098   0.00048628807762814976
   7   17099   0.001900170488006246
   7   17101   0.008017639280541512
   7   17102   0.015075055390209023
   7   17103   0.015072424400973793
   7   17104   0.015075365184116955
   7   17105   0.01488691539666627
   7   17106   0.013983155884026663
   7   17107   0.00896294573409874
   7   17268   0.00012742770728535897
   7   17269   0.005342381928080821
   7   17270   0.01463934377630567
   7   17271   0.015077305574060581
   7   17272   0.015078311197991044
   7   17273   0.014732062608444776
   7   17274   0.003889500571760279
   7   17275   0.0012540868686568933
   7   17436   0.0013151345545086516
   7   17437   0.01188751097882381
   7   17438   0.015079652987058056
   7   17439   0.015087296657412983
   7   17440   0.015077839223635583
   7   17441   0.0150856074100507
   7   17442   0.014941520934916712
   7   17443   0.004967295780807359
   7   17605   0.006121614598674604
   7   17606   0.01508420205182747
   7   17607   0.015084136321480675
   7   17608   0.015089192396231325
   7   17609   0.015080149819596813
   7   17610   0.014634667139243537
   7   17611   0.011978411928000147
   7   17612   0.011487908788685108
   7   17613   1.2973118052383662e-05
   7   17774   0.002345228601545685
   7   17775   0.014323985129014664
   7   17776   0.015089141281828498
   7   17777   0.014018923561559156
   7   17778   0.011921573436615849
   7   17779   0.011858653021565786
   7   17781   0.00011288038780012131
   7   17944   0.003671896554626176
   7   17945   0.007866304809276588
   7   17946   0.004517040809271931
   7   17947   0.004718963531113004
   7   17948   0.002775108382009184
:EndGridWeights 
